40
1 19 15 36 23 18 39 -1
2 36 23 4 18 26 9 -1
3 35 6 16 11 -1
4 23 2 18 24 -1
5 14 8 29 21 -1
6 34 35 3 16 -1
7 30 33 38 28 -1
8 12 14 5 29 31 -1
9 39 13 20 10 17 2 -1
10 9 20 12 14 29 -1
11 3 16 30 33 26 -1
12 20 10 14 8 -1
13 24 39 9 20 -1
14 10 12 8 5 -1
15 26 19 1 36 -1
16 6 3 11 30 17 35 32 -1
17 38 28 32 40 9 16 -1
18 2 4 24 39 1 -1
19 27 26 15 1 -1
20 13 9 10 12 -1
21 5 29 25 37 -1
22 32 40 34 35 -1
23 1 36 2 4 -1
24 4 18 39 13 -1
25 29 21 37 31 -1
26 31 27 19 15 11 2 -1
27 37 31 26 19 29 -1
28 7 38 17 32 -1
29 8 5 21 25 10 27 -1
30 16 11 33 7 37 -1
31 25 37 27 26 8 -1
32 28 17 40 22 16 -1
33 11 30 7 38 -1
34 40 22 35 6 -1
35 22 34 6 3 16 -1
36 15 1 23 2 -1
37 21 25 31 27 30 -1
38 33 7 28 17 40 -1
39 18 24 13 9 1 -1
40 17 32 22 34 38 -1

4
1 3 2 -1
2 1 3 4 -1
3 1 2 4 -1
4 2 3 -1

8
1 2 3 4 7 -1
2 1 3 4 -1
3 1 2 4 -1
4 1 2 3 5 -1
5 4 6 7 8 -1
6 5 7 8 -1
7 1 5 6 8 -1
8 5 6 7 -1

8
1 4 2 7 3 -1
2 4 1 3 -1
3 1 2 4 -1
4 5 1 2 3 -1
5 8 7 6 4 -1
6 8 5 7 -1
7 6 8 5 1 -1
8 7 6 5 -1

8
1 2 3 4 -1
2 1 3 4 -1
3 1 2 4 -1
4 1 2 3 5 -1
5 4 6 7 8 -1
6 5 7 8 -1
7 5 6 8 -1
8 5 6 7 -1

8
1 3 4 2 -1
2 1 4 3 -1
3 1 2 4 -1
4 5 3 2 1 -1
5 4 8 6 7 -1
6 8 7 5 -1
7 5 8 6 -1
8 5 7 6 -1

8
1 2 3 4 5 -1
2 3 4 1 -1
3 4 1 2 -1
4 1 2 3 8 -1
5 1 6 7 8 -1
6 7 8 5 -1
7 8 5 6 -1
8 4 6 5 7 -1